302 302
637 939
633 1572
640 2212
625 2837
675 3512
545 4057
428 4485
666 5151
710 5861
760 6621
755 7376
738 8114
768 8882
725 9607
743 10350
729 11079
754 11833
742 12575
520 13095
457 13552
606 14158
685 14843
645 15488
541 16029
561 16590
532 17122
616 17738
561 18299
634 18933
683 19616
696 20312
468 20780
352 21132
561 21693
730 22423
724 23147
725 23872
781 24653
729 25382
766 26148
730 26878
710 27588
679 28267
618 28885
455 29340
383 29723
516 30239
390 30629
459 31088
574 31662
693 32355
737 33092
698 33790
673 34463
686 35149
699 35848
704 36552
524 37076
412 37488
612 38100
697 38797
715 39512
702 40214
701 40915
695 41610
558 42168
650 42818
592 43410
642 44052
580 44632
430 45062
380 45442
533 45975
606 46581
603 47184
568 47752
620 48372
601 48973
697 49670
712 50382
687 51069
691 51760
695 52455
551 53006
497 53503
708 54211
716 54927
720 55647
724 56371
710 57081
707 57788
641 58429
675 59104
645 59749
624 60373
611 60984
409 61393
448 61841
571 62412
612 63024
620 63644
602 64246
617 64863
679 65542
716 66258
733 66991
720 67711
743 68454
649 69103
476 69579
524 70103
760 70863
727 71590
697 72287
710 72997
712 73709
725 74434
717 75151
734 75885
734 76619
702 77321
643 77964
413 78377
511 78888
674 79562
702 80264
701 80965
736 81701
679 82380
743 83123
676 83799
586 84385
619 85004
600 85604
551 86155
370 86525
432 86957
630 87587
619 88206
588 88794
607 89401
605 90006
578 90584
621 91205
568 91773
660 92433
700 93133
650 93783
420 94203
520 94723
666 95389
740 96129
694 96823
726 97549
706 98255
718 98973
759 99732
701 100433
731 101164
701 101865
666 102531
396 102927
527 103454
738 104192
714 104906
734 105640
728 106368
742 107110
714 107824
657 108481
744 109225
714 109939
717 110656
605 111261
441 111702
670 112372
725 113097
729 113826
701 114527
667 115194
694 115888
684 116572
742 117314
675 117989
715 118704
676 119380
482 119862
417 120279
658 120937
673 121610
744 122354
746 123100
708 123808
755 124563
657 125220
667 125887
648 126535
752 127287
738 128025
496 128521
624 129145
736 129881
749 130630
691 131321
676 131997
733 132730
693 133423
744 134167
691 134858
724 135582
692 136274
539 136813
404 137217
593 137810
693 138503
675 139178
641 139819
724 140543
684 141227
690 141917
689 142606
693 143299
698 143997
674 144671
546 145217
418 145635
582 146217
692 146909
754 147663
704 148367
709 149076
711 149787
716 150503
676 151179
713 151892
692 152584
710 153294
541 153835
459 154294
574 154868
728 155596
710 156306
717 157023
737 157760
673 158433
687 159120
694 159814
705 160519
666 161185
703 161888
514 162402
431 162833
572 163405
708 164113
684 164797
708 165505
722 166227
717 166944
744 167688
628 168316
605 168921
609 169530
699 170229
558 170787
444 171231
681 171912
692 172604
734 173338
710 174048
667 174715
667 175382
708 176090
665 176755
616 177371
584 177955
565 178520
362 178882
397 179279
728 180007
701 180708
707 181415
695 182110
671 182781
724 183505
688 184193
721 184914
740 185654
700 186354
712 187066
432 187498
618 188116
725 188841
720 189561
719 190280
675 190955
691 191646
689 192335
717 193052
697 193749
721 194470
708 195178
515 195693
414 196107
613 196720
692 197412
696 198108
719 198827
727 199554
695 200249
717 200966
573 201539
623 202162
535 202697
610 203307
427 203734
336 204070
514 204584
554 205138
702 205840
682 206522
681 207203
695 207898
686 208584
737 209321
705 210026
713 210739
727 211466
520 211986
463 212449
732 213181
690 213871
701 214572
691 215263
710 215973
697 216670
649 217319
687 218006
625 218631
647 219278
632 219910
373 220283
456 220739
702 221441
716 222157
689 222846
681 223527
577 224104
567 224671
605 225276
587 225863
594 226457
563 227020
584 227604
345 227949
385 228334
589 228923
591 229514
600 230114
606 230720
647 231367
679 232046
716 232762
701 233463
723 234186
614 234800
668 235468
402 235870
475 236345
710 237055
713 237768
711 238479
715 239194
733 239927
676 240603
686 241289
668 241957
722 242679
720 243399
633 244032
420 244452
439 244891
672 245563
719 246282
674 246956
725 247681
647 248328
734 249062
694 249756
724 250480
663 251143
708 251851
656 252507
418 252925
459 253384
709 254093
725 254818
712 255530
741 256271
711 256982
715 257697
713 258410
696 259106
708 259814
702 260516
670 261186
406 261592
685 262277
694 262971
764 263735
668 264403
721 265124
701 265825
715 266540
694 267234
725 267959
703 268662
711 269373
483 269856
416 270272
512 270784
577 271361
622 271983
605 272588
583 273171
610 273781
583 274364
587 274951
595 275546
634 276180
601 276781
423 277204
386 277590
666 278256
704 278960
705 279665
660 280325
738 281063
705 281768
675 282443
678 283121
667 283788
702 284490
685 285175
464 285639
491 286130
714 286844
717 287561
695 288256
700 288956
649 289605
693 290298
708 291006
721 291727
704 292431
697 293128
512 293640
340 293980
409 294389
573 294962
583 295545
637 296182
593 296775
600 297375
609 297984
588 298572
608 299180
610 299790
598 300388
530 300918
390 301308
407 301715
612 302327
643 302970
740 303710
672 304382
730 305112
716 305828
728 306556
655 307211
713 307924
703 308627
649 309276
427 309703
507 310210
705 310915
724 311639
608 312247
596 312843
698 313541
691 314232
692 314924
712 315636
694 316330
714 317044
597 317641
413 318054
472 318526
705 319231
722 319953
694 320647
707 321354
715 322069
690 322759
736 323495
714 324209
697 324906
727 325633
644 326277
426 326703
498 327201
685 327886
678 328564
710 329274
581 329855
590 330445
624 331069
721 331790
726 332516
729 333245
692 333937
669 334606
388 334994
583 335577
646 336223
676 336899
697 337596
707 338303
738 339041
695 339736
657 340393
722 341115
685 341800
690 342490
507 342997
432 343429
557 343986
675 344661
747 345408
640 346048
685 346733
698 347431
686 348117
583 348700
597 349297
553 349850
591 350441
432 350873
372 351245
504 351749
562 352311
628 352939
703 353642
713 354355
700 355055
698 355753
691 356444
713 357157
659 357816
577 358393
442 358835
339 359174
507 359681
705 360386
716 361102
702 361804
710 362514
711 363225
677 363902
727 364629
657 365286
699 365985
579 366564
448 367012
341 367353
544 367897
603 368500
588 369088
725 369813
714 370527
678 371205
712 371917
681 372598
712 373310
613 373923
683 374606
418 375024
418 375442
654 376096
726 376822
684 377506
691 378197
673 378870
710 379580
701 380281
672 380953
691 381644
710 382354
687 383041
466 383507
393 383900
650 384550
694 385244
708 385952
706 386658
577 387235
580 387815
599 388414
585 388999
593 389592
571 390163
609 390772
380 391152
356 391508
567 392075
594 392669
599 393268
588 393856
586 394442
672 395114
718 395832
715 396547
679 397226
706 397932
700 398632
436 399068
338 399406
517 399923
571 400494
598 401092
591 401683
580 402263
598 402861
590 403451
563 404014
592 404606
560 405166
718 405884
451 406335
408 406743
653 407396
688 408084
685 408769
729 409498
723 410221
701 410922
729 411651
704 412355
737 413092
691 413783
723 414506
466 414972
541 415513
635 416148
596 416744
629 417373
564 417937
609 418546
612 419158
571 419729
674 420403
688 421091
751 421842
543 422385
452 422837
554 423391
699 424090
702 424792
730 425522
723 426245
682 426927
721 427648
738 428386
687 429073
715 429788
689 430477
599 431076
431 431507
741 432248
716 432964
708 433672
707 434379
705 435084
701 435785
689 436474
706 437180
694 437874
727 438601
701 439302
415 439717
435 440152
677 440829
725 441554
700 442254
735 442989
696 443685
719 444404
723 445127
727 445854
675 446529
686 447215
670 447885
404 448289
444 448733
676 449409
678 450087
698 450785
701 451486
735 452221
696 452917
713 453630
713 454343
691 455034
721 455755
687 456442
386 456828
409 457237
676 457913
717 458630
714 459344
696 460040
674 460714
706 461420
691 462111
713 462824
665 463489
533 464022
601 464623
347 464970
357 465327
576 465903
585 466488
642 467130
716 467846
723 468569
726 469295
660 469955
689 470644
696 471340
708 472048
682 472730
424 473154
406 473560
715 474275
721 474996
693 475689
662 476351
681 477032
672 477704
662 478366
687 479053
690 479743
718 480461
686 481147
449 481596
592 482188
730 482918
701 483619
744 484363
654 485017
676 485693
694 486387
670 487057
646 487703
656 488359
719 489078
505 489583
390 489973
516 490489
638 491127
728 491855
613 492468
735 493203
707 493910
697 494607
687 495294
668 495962
736 496698
657 497355
524 497879
484 498363
736 499099
716 499815
704 500519
705 501224
707 501931
698 502629
707 503336
707 504043
711 504754
671 505425
680 506105
419 506524
484 507008
665 507673
693 508366
627 508993
675 509668
643 510311
708 511019
628 511647
680 512327
644 512971
697 513668
626 514294
441 514735
471 515206
690 515896
744 516640
688 517328
637 517965
588 518553
543 519096
614 519710
714 520424
664 521088
694 521782
681 522463
441 522904
633 523537
682 524219
748 524967
677 525644
716 526360
662 527022
711 527733
705 528438
708 529146
694 529840
683 530523
487 531010
425 531435
614 532049
707 532756
705 533461
712 534173
709 534882
728 535610
716 536326
665 536991
735 537726
668 538394
710 539104
486 539590
423 540013
624 540637
717 541354
711 542065
704 542769
678 543447
672 544119
686 544805
701 545506
693 546199
581 546780
589 547369
421 547790
382 548172
624 548796
721 549517
672 550189
699 550888
706 551594
690 552284
691 552975
734 553709
670 554379
743 555122
702 555824
473 556297
437 556734
630 557364
689 558053
750 558803
728 559531
697 560228
715 560943
682 561625
699 562324
690 563014
707 563721
682 564403
501 564904
436 565340
607 565947
678 566625
669 567294
727 568021
736 568757
679 569436
586 570022
572 570594
604 571198
589 571787
583 572370
421 572791
367 573158
611 573769
575 574344
639 574983
653 575636
711 576347
674 577021
705 577726
720 578446
692 579138
710 579848
681 580529
418 580947
468 581415
641 582056
727 582783
725 583508
711 584219
698 584917
708 585625
660 586285
695 586980
713 587693
741 588434
600 589034
445 589479
436 589915
713 590628
729 591357
653 592010
682 592692
709 593401
706 594107
741 594848
686 595534
737 596271
694 596965
707 597672
382 598054
475 598529
616 599145
728 599873
698 600571
731 601302
685 601987
730 602717
679 603396
699 604095
698 604793
693 605486
566 606052
399 606451
558 607009
706 607715
724 608439
723 609162
708 609870
689 610559
719 611278
680 611958
709 612667
688 613355
707 614062
562 614624
396 615020
517 615537
705 616242
712 616954
685 617639
728 618367
688 619055
724 619779
734 620513
690 621203
689 621892
712 622604
597 623201
407 623608
520 624128
706 624834
674 625508
712 626220
702 626922
708 627630
699 628329
705 629034
676 629710
707 630417
697 631114
601 631715
424 632139
570 632709
683 633392
709 634101
678 634779
696 635475
668 636143
671 636814
699 637513
666 638179
712 638891
664 639555
597 640152
399 640551
541 641092
669 641761
651 642412
693 643105
665 643770
647 644417
636 645053
638 645691
705 646396
756 647152
692 647844
555 648399
352 648751
502 649253
589 649842
624 650466
577 651043
633 651676
690 652366
690 653056
565 653621
476 654097
404 654501
442 654943
411 655354
300 655654
382 656036
453 656489
597 657086
742 657828
711 658539
668 659207
681 659888
747 660635
719 661354
733 662087
734 662821
629 663450
497 663947
571 664518
508 665026
600 665626
517 666143
586 666729
598 667327
697 668024
667 668691
703 669394
722 670116
639 670755
457 671212
482 671694
735 672429
720 673149
738 673887
720 674607
737 675344
703 676047
748 676795
596 677391
600 677991
607 678598
564 679162
447 679609
464 680073
682 680755
725 681480
600 682080
625 682705
617 683322
621 683943
651 684594
637 685231
636 685867
629 686496
588 687084
367 687451
478 687929
595 688524
628 689152
647 689799
709 690508
706 691214
730 691944
669 692613
673 693286
690 693976
688 694664
586 695250
357 695607
528 696135
698 696833
708 697541
578 698119
578 698697
587 699284
559 699843
607 700450
568 701018
634 701652
565 702217
515 702732
432 703164
668 703832
709 704541
715 705256
691 705947
703 706650
691 707341
687 708028
686 708714
692 709406
591 709997
598 710595
367 710962
452 711414
594 712008
637 712645
594 713239
638 713877
624 714501
674 715175
481 715656
595 716251
565 716816
613 717429
627 718056
439 718495
676 719171
625 719796
711 720507
672 721179
563 721742
598 722340
587 722927
581 723508
535 724043
612 724655
566 725221
408 725629
342 725971
488 726459
578 727037
524 727561
598 728159
532 728691
637 729328
699 730027
721 730748
708 731456
585 732041
594 732635
386 733021
304 733325
509 733834
586 734420
680 735100
701 735801
778 736579
685 737264
748 738012
703 738715
659 739374
685 740059
618 740677
410 741087
406 741493
693 742186
826 743012
279 743291
