727 727
871 1598
871 2469
864 3333
870 4203
867 5070
893 5963
890 6853
879 7732
877 8609
872 9481
880 10361
877 11238
869 12107
865 12972
871 13843
881 14724
878 15602
879 16481
898 17379
885 18264
868 19132
844 19976
835 20811
830 21641
806 22447
837 23284
840 24124
835 24959
850 25809
856 26665
856 27521
862 28383
875 29258
849 30107
857 30964
870 31834
871 32705
869 33574
879 34453
875 35328
875 36203
861 37064
861 37925
829 38754
881 39635
873 40508
808 41316
784 42100
788 42888
843 43731
866 44597
860 45457
857 46314
855 47169
850 48019
866 48885
866 49751
890 50641
882 51523
853 52376
849 53225
858 54083
865 54948
860 55808
844 56652
844 57496
852 58348
837 59185
841 60026
850 60876
851 61727
866 62593
841 63434
837 64271
836 65107
845 65952
837 66789
846 67635
867 68502
857 69359
857 70216
862 71078
848 71926
883 72809
864 73673
861 74534
867 75401
861 76262
863 77125
858 77983
864 78847
844 79691
857 80548
835 81383
857 82240
884 83124
877 84001
839 84840
830 85670
839 86509
823 87332
827 88159
827 88986
849 89835
846 90681
857 91538
851 92389
849 93238
865 94103
884 94987
867 95854
844 96698
853 97551
860 98411
858 99269
866 100135
871 101006
867 101873
871 102744
856 103600
859 104459
875 105334
871 106205
864 107069
860 107929
868 108797
866 109663
865 110528
854 111382
863 112245
827 113072
838 113910
838 114748
829 115577
858 116435
859 117294
853 118147
847 118994
841 119835
840 120675
844 121519
848 122367
832 123199
846 124045
846 124891
860 125751
861 126612
879 127491
888 128379
867 129246
864 130110
865 130975
860 131835
865 132700
862 133562
863 134425
865 135290
857 136147
865 137012
865 137877
862 138739
874 139613
863 140476
849 141325
854 142179
862 143041
866 143907
860 144767
849 145616
862 146478
864 147342
852 148194
852 149046
863 149909
862 150771
870 151641
866 152507
870 153377
874 154251
863 155114
868 155982
864 156846
862 157708
865 158573
867 159440
861 160301
883 161184
877 162061
857 162918
857 163775
846 164621
851 165472
851 166323
847 167170
836 168006
833 168839
850 169689
851 170540
860 171400
882 172282
851 173133
853 173986
861 174847
860 175707
865 176572
865 177437
878 178315
864 179179
865 180044
869 180913
860 181773
876 182649
872 183521
853 184374
854 185228
861 186089
866 186955
865 187820
858 188678
853 189531
862 190393
864 191257
860 192117
853 192970
866 193836
882 194718
865 195583
862 196445
855 197300
851 198151
864 199015
859 199874
859 200733
849 201582
840 202422
863 203285
862 204147
882 205029
875 205904
861 206765
861 207626
856 208482
861 209343
858 210201
862 211063
865 211928
859 212787
857 213644
854 214498
852 215350
872 216222
883 217105
865 217970
860 218830
842 219672
869 220541
854 221395
862 222257
863 223120
831 223951
836 224787
840 225627
862 226489
874 227363
867 228230
860 229090
867 229957
864 230821
857 231678
858 232536
862 233398
861 234259
848 235107
836 235943
824 236767
857 237624
869 238493
872 239365
870 240235
844 241079
862 241941
859 242800
857 243657
858 244515
850 245365
867 246232
860 247092
861 247953
871 248824
885 249709
863 250572
856 251428
863 252291
870 253161
849 254010
868 254878
859 255737
865 256602
863 257465
869 258334
860 259194
878 260072
886 260958
864 261822
858 262680
854 263534
868 264402
865 265267
855 266122
855 266977
838 267815
837 268652
829 269481
834 270315
860 271175
872 272047
836 272883
841 273724
858 274582
856 275438
855 276293
855 277148
866 278014
853 278867
869 279736
865 280601
869 281470
877 282347
868 283215
863 284078
865 284943
862 285805
863 286668
861 287529
856 288385
868 289253
863 290116
856 290972
861 291833
866 292699
871 293570
869 294439
864 295303
857 296160
865 297025
846 297871
829 298700
839 299539
837 300376
843 301219
827 302046
832 302878
847 303725
868 304593
847 305440
827 306267
845 307112
838 307950
843 308793
854 309647
855 310502
860 311362
857 312219
861 313080
842 313922
870 314792
887 315679
881 316560
869 317429
850 318279
857 319136
858 319994
859 320853
855 321708
858 322566
863 323429
864 324293
859 325152
862 326014
879 326893
866 327759
855 328614
866 329480
865 330345
858 331203
865 332068
869 332937
863 333800
852 334652
855 335507
868 336375
875 337250
870 338120
863 338983
864 339847
865 340712
866 341578
869 342447
858 343305
866 344171
859 345030
857 345887
857 346744
863 347607
857 348464
887 349351
866 350217
857 351074
867 351941
857 352798
858 353656
862 354518
864 355382
861 356243
864 357107
870 357977
862 358839
878 359717
864 360581
834 361415
839 362254
832 363086
833 363919
834 364753
832 365585
834 366419
834 367253
836 368089
843 368932
836 369768
859 370627
877 371504
858 372362
860 373222
845 374067
856 374923
857 375780
857 376637
850 377487
851 378338
847 379185
853 380038
847 380885
862 381747
856 382603
862 383465
860 384325
864 385189
858 386047
858 386905
870 387775
857 388632
873 389505
868 390373
846 391219
843 392062
862 392924
844 393768
839 394607
836 395443
838 396281
838 397119
835 397954
836 398790
831 399621
831 400452
840 401292
837 402129
843 402972
853 403825
851 404676
842 405518
857 406375
863 407238
852 408090
863 408953
863 409816
861 410677
841 411518
847 412365
864 413229
869 414098
877 414975
862 415837
859 416696
849 417545
837 418382
847 419229
855 420084
855 420939
856 421795
858 422653
861 423514
849 424363
864 425227
882 426109
871 426980
861 427841
856 428697
866 429563
868 430431
869 431300
869 432169
868 433037
859 433896
868 434764
871 435635
876 436511
887 437398
877 438275
857 439132
857 439989
840 440829
830 441659
833 442492
859 443351
867 444218
857 445075
858 445933
858 446791
852 447643
877 448520
861 449381
859 450240
856 451096
859 451955
857 452812
862 453674
846 454520
863 455383
866 456249
863 457112
858 457970
877 458847
875 459722
857 460579
863 461442
857 462299
853 463152
863 464015
864 464879
850 465729
827 466556
830 467386
829 468215
830 469045
856 469901
855 470756
834 471590
828 472418
850 473268
853 474121
854 474975
857 475832
860 476692
857 477549
864 478413
830 479243
836 480079
862 480941
866 481807
847 482654
859 483513
852 484365
860 485225
857 486082
860 486942
857 487799
858 488657
862 489519
847 490366
826 491192
859 492051
842 492893
826 493719
842 494561
856 495417
871 496288
872 497160
857 498017
862 498879
865 499744
863 500607
833 501440
851 502291
861 503152
884 504036
863 504899
868 505767
864 506631
849 507480
855 508335
864 509199
870 510069
851 510920
869 511789
863 512652
854 513506
878 514384
875 515259
861 516120
862 516982
864 517846
852 518698
833 519531
841 520372
835 521207
840 522047
830 522877
829 523706
838 524544
859 525403
844 526247
832 527079
832 527911
833 528744
840 529584
842 530426
860 531286
858 532144
858 533002
855 533857
858 534715
858 535573
850 536423
843 537266
836 538102
833 538935
830 539765
834 540599
843 541442
836 542278
839 543117
836 543953
833 544786
844 545630
869 546499
872 547371
874 548245
861 549106
848 549954
859 550813
861 551674
865 552539
860 553399
866 554265
868 555133
861 555994
856 556850
857 557707
863 558570
849 559419
820 560239
831 561070
843 561913
840 562753
844 563597
839 564436
841 565277
859 566136
864 567000
867 567867
881 568748
885 569633
866 570499
858 571357
867 572224
857 573081
860 573941
857 574798
865 575663
853 576516
858 577374
852 578226
851 579077
867 579944
875 580819
851 581670
864 582534
862 583396
855 584251
863 585114
856 585970
858 586828
868 587696
869 588565
867 589432
873 590305
882 591187
874 592061
864 592925
869 593794
862 594656
859 595515
865 596380
862 597242
870 598112
861 598973
856 599829
853 600682
858 601540
884 602424
863 603287
855 604142
846 604988
857 605845
868 606713
859 607572
861 608433
854 609287
857 610144
854 610998
852 611850
857 612707
874 613581
868 614449
852 615301
868 616169
862 617031
866 617897
855 618752
864 619616
869 620485
876 621361
834 622195
836 623031
854 623885
855 624740
850 625590
837 626427
840 627267
862 628129
862 628991
868 629859
858 630717
856 631573
857 632430
865 633295
854 634149
865 635014
875 635889
872 636761
861 637622
857 638479
860 639339
860 640199
861 641060
853 641913
855 642768
856 643624
860 644484
859 645343
872 646215
888 647103
863 647966
870 648836
855 649691
870 650561
848 651409
859 652268
856 653124
859 653983
862 654845
861 655706
863 656569
887 657456
854 658310
845 659155
855 660010
846 660856
852 661708
862 662570
852 663422
854 664276
854 665130
862 665992
862 666854
860 667714
875 668589
863 669452
852 670304
866 671170
855 672025
862 672887
866 673753
868 674621
870 675491
866 676357
865 677222
863 678085
865 678950
884 679834
861 680695
850 681545
856 682401
850 683251
855 684106
840 684946
850 685796
851 686647
854 687501
844 688345
867 689212
875 690087
891 690978
882 691860
850 692710
861 693571
862 694433
836 695269
832 696101
825 696926
840 697766
853 698619
852 699471
859 700330
864 701194
872 702066
864 702930
865 703795
862 704657
866 705523
865 706388
862 707250
864 708114
870 708984
863 709847
857 710704
857 711561
870 712431
876 713307
861 714168
855 715023
862 715885
863 716748
864 717612
856 718468
863 719331
854 720185
855 721040
855 721895
854 722749
880 723629
875 724504
856 725360
862 726222
865 727087
855 727942
850 728792
858 729650
864 730514
853 731367
842 732209
826 733035
830 733865
857 734722
866 735588
862 736450
852 737302
862 738164
862 739026
862 739888
859 740747
857 741604
868 742472
871 743343
873 744216
854 745070
890 745960
882 746842
869 747711
855 748566
866 749432
867 750299
855 751154
859 752013
865 752878
858 753736
856 754592
859 755451
859 756310
874 757184
870 758054
853 758907
839 759746
862 760608
861 761469
861 762330
842 763172
830 764002
822 764824
827 765651
823 766474
835 767309
855 768164
846 769010
841 769851
843 770694
832 771526
864 772390
857 773247
855 774102
863 774965
865 775830
864 776694
862 777556
868 778424
894 779318
878 780196
855 781051
850 781901
858 782759
859 783618
857 784475
859 785334
855 786189
856 787045
856 787901
863 788764
846 789610
884 790494
878 791372
860 792232
854 793086
848 793934
863 794797
860 795657
862 796519
856 797375
856 798231
863 799094
860 799954
865 800819
857 801676
844 802520
859 803379
865 804244
865 805109
863 805972
869 806841
861 807702
862 808564
864 809428
866 810294
855 811149
882 812031
876 812907
860 813767
854 814621
863 815484
836 816320
862 817182
850 818032
848 818880
852 819732
864 820596
859 821455
856 822311
863 823174
873 824047
855 824902
851 825753
866 826619
865 827484
859 828343
868 829211
859 830070
864 830934
865 831799
860 832659
866 833525
878 834403
893 835296
856 836152
860 837012
853 837865
874 838739
864 839603
868 840471
865 841336
851 842187
865 843052
866 843918
853 844771
878 845649
885 846534
868 847402
865 848267
862 849129
861 849990
857 850847
861 851708
855 852563
863 853426
852 854278
867 855145
866 856011
865 856876
888 857764
855 858619
860 859479
853 860332
857 861189
844 862033
858 862891
838 863729
850 864579
868 865447
864 866311
846 867157
872 868029
859 868888
845 869733
836 870569
836 871405
854 872259
847 873106
865 873971
839 874810
826 875636
791 876427
786 877213
803 878016
834 878850
832 879682
818 880500
818 881318
838 882156
843 882999
831 883830
825 884655
837 885492
846 886338
837 887175
847 888022
857 888879
865 889744
855 890599
783 891382
825 892207
832 893039
838 893877
834 894711
856 895567
852 896419
860 897279
863 898142
872 899014
867 899881
886 900767
876 901643
872 902515
873 903388
869 904257
860 905117
868 905985
870 906855
852 907707
831 908538
846 909384
826 910210
855 911065
890 911955
861 912816
859 913675
855 914530
845 915375
848 916223
844 917067
846 917913
846 918759
841 919600
843 920443
844 921287
849 922136
863 922999
849 923848
838 924686
847 925533
863 926396
864 927260
864 928124
872 928996
850 929846
858 930704
867 931571
864 932435
866 933301
871 934172
864 935036
854 935890
847 936737
844 937581
836 938417
828 939245
837 940082
838 940920
833 941753
840 942593
837 943430
852 944282
868 945150
857 946007
867 946874
865 947739
863 948602
865 949467
858 950325
860 951185
860 952045
841 952886
847 953733
830 954563
865 955428
855 956283
849 957132
843 957975
842 958817
837 959654
859 960513
830 961343
810 962153
835 962988
840 963828
847 964675
873 965548
868 966416
848 967264
858 968122
858 968980
844 969824
834 970658
844 971502
834 972336
842 973178
829 974007
840 974847
832 975679
865 976544
858 977402
817 978219
832 979051
831 979882
833 980715
820 981535
859 982394
860 983254
855 984109
845 984954
828 985782
828 986610
847 987457
838 988295
825 989120
839 989959
868 990827
865 991692
867 992559
864 993423
863 994286
859 995145
846 995991
848 996839
842 997681
874 998555
859 999414
