268 268
596 864
570 1434
552 1986
595 2581
716 3297
708 4005
751 4756
718 5474
707 6181
745 6926
745 7671
726 8397
786 9183
704 9887
783 10670
751 11421
746 12167
729 12896
737 13633
765 14398
739 15137
760 15897
726 16623
749 17372
740 18112
747 18859
745 19604
768 20372
708 21080
754 21834
722 22556
781 23337
726 24063
747 24810
727 25537
738 26275
636 26911
696 27607
645 28252
664 28916
668 29584
665 30249
664 30913
665 31578
652 32230
711 32941
636 33577
676 34253
650 34903
672 35575
647 36222
672 36894
672 37566
680 38246
649 38895
681 39576
647 40223
706 40929
653 41582
676 42258
639 42897
688 43585
669 44254
702 44956
664 45620
648 46268
685 46953
650 47603
734 48337
734 49071
729 49800
752 50552
730 51282
754 52036
720 52756
713 53469
749 54218
703 54921
748 55669
742 56411
740 57151
710 57861
757 58618
733 59351
719 60070
703 60773
739 61512
743 62255
720 62975
722 63697
743 64440
738 65178
731 65909
726 66635
757 67392
710 68102
738 68840
731 69571
751 70322
715 71037
739 71776
743 72519
717 73236
722 73958
736 74694
726 75420
722 76142
700 76842
742 77584
710 78294
754 79048
739 79787
723 80510
739 81249
700 81949
751 82700
732 83432
706 84138
749 84887
714 85601
737 86338
723 87061
664 87725
618 88343
612 88955
648 89603
619 90222
631 90853
630 91483
645 92128
649 92777
633 93410
654 94064
641 94705
644 95349
685 96034
617 96651
650 97301
624 97925
671 98596
654 99250
640 99890
668 100558
613 101171
660 101831
638 102469
646 103115
693 103808
741 104549
706 105255
727 105982
687 106669
740 107409
671 108080
732 108812
727 109539
694 110233
707 110940
714 111654
723 112377
704 113081
731 113812
686 114498
725 115223
706 115929
719 116648
703 117351
605 117956
650 118606
590 119196
490 119686
555 120241
637 120878
576 121454
675 122129
572 122701
631 123332
603 123935
623 124558
597 125155
619 125774
617 126391
640 127031
588 127619
633 128252
609 128861
629 129490
671 130161
694 130855
714 131569
726 132295
656 132951
654 133605
578 134183
712 134895
701 135596
709 136305
698 137003
718 137721
703 138424
736 139160
711 139871
718 140589
707 141296
731 142027
707 142734
690 143424
718 144142
705 144847
691 145538
708 146246
726 146972
712 147684
708 148392
704 149096
718 149814
700 150514
700 151214
709 151923
680 152603
718 153321
693 154014
740 154754
654 155408
730 156138
711 156849
693 157542
742 158284
681 158965
708 159673
701 160374
738 161112
701 161813
712 162525
718 163243
666 163909
644 164553
590 165143
621 165764
595 166359
582 166941
616 167557
589 168146
593 168739
621 169360
595 169955
612 170567
622 171189
634 171823
597 172420
618 173038
624 173662
640 174302
623 174925
634 175559
593 176152
610 176762
649 177411
625 178036
637 178673
632 179305
620 179925
608 180533
641 181174
625 181799
622 182421
604 183025
670 183695
615 184310
710 185020
691 185711
711 186422
713 187135
706 187841
704 188545
706 189251
708 189959
703 190662
698 191360
725 192085
702 192787
692 193479
747 194226
692 194918
712 195630
691 196321
705 197026
715 197741
722 198463
675 199138
736 199874
702 200576
714 201290
722 202012
695 202707
745 203452
656 204108
740 204848
720 205568
712 206280
627 206907
619 207526
612 208138
607 208745
627 209372
613 209985
628 210613
613 211226
623 211849
624 212473
605 213078
613 213691
600 214291
603 214894
617 215511
603 216114
596 216710
599 217309
624 217933
588 218521
658 219179
608 219787
614 220401
618 221019
625 221644
616 222260
632 222892
656 223548
691 224239
736 224975
688 225663
725 226388
637 227025
599 227624
612 228236
582 228818
623 229441
604 230045
597 230642
686 231328
696 232024
719 232743
721 233464
691 234155
727 234882
715 235597
695 236292
716 237008
703 237711
700 238411
734 239145
662 239807
733 240540
683 241223
695 241918
707 242625
703 243328
673 244001
718 244719
676 245395
700 246095
723 246818
704 247522
711 248233
704 248937
709 249646
655 250301
730 251031
702 251733
729 252462
706 253168
715 253883
659 254542
734 255276
696 255972
754 256726
693 257419
734 258153
688 258841
720 259561
715 260276
596 260872
625 261497
620 262117
595 262712
627 263339
596 263935
637 264572
588 265160
660 265820
558 266378
613 266991
622 267613
619 268232
588 268820
666 269486
595 270081
631 270712
598 271310
641 271951
605 272556
633 273189
618 273807
617 274424
627 275051
645 275696
699 276395
729 277124
677 277801
754 278555
689 279244
719 279963
716 280679
679 281358
747 282105
691 282796
729 283525
701 284226
677 284903
731 285634
710 286344
692 287036
693 287729
703 288432
735 289167
688 289855
707 290562
711 291273
582 291855
597 292452
634 293086
613 293699
628 294327
611 294938
681 295619
710 296329
660 296989
704 297693
684 298377
701 299078
709 299787
735 300522
713 301235
725 301960
717 302677
718 303395
704 304099
749 304848
730 305578
724 306302
711 307013
743 307756
701 308457
760 309217
684 309901
741 310642
737 311379
702 312081
723 312804
675 313479
740 314219
718 314937
738 315675
721 316396
742 317138
695 317833
751 318584
715 319299
716 320015
713 320728
713 321441
718 322159
713 322872
737 323609
696 324305
716 325021
708 325729
670 326399
708 327107
715 327822
701 328523
716 329239
667 329906
737 330643
689 331332
725 332057
728 332785
736 333521
724 334245
722 334967
737 335704
730 336434
678 337112
674 337786
714 338500
689 339189
685 339874
643 340517
668 341185
603 341788
445 342233
418 342651
602 343253
731 343984
715 344699
703 345402
716 346118
720 346838
729 347567
698 348265
687 348952
743 349695
753 350448
730 351178
757 351935
699 352634
730 353364
740 354104
739 354843
763 355606
632 356238
730 356968
716 357684
683 358367
735 359102
721 359823
727 360550
742 361292
742 362034
684 362718
701 363419
723 364142
705 364847
632 365479
680 366159
688 366847
753 367600
743 368343
685 369028
703 369731
588 370319
693 371012
626 371638
652 372290
685 372975
676 373651
672 374323
640 374963
683 375646
709 376355
753 377108
756 377864
720 378584
734 379318
732 380050
748 380798
732 381530
718 382248
706 382954
734 383688
750 384438
713 385151
718 385869
752 386621
742 387363
725 388088
729 388817
734 389551
676 390227
628 390855
680 391535
681 392216
727 392943
713 393656
725 394381
748 395129
725 395854
755 396609
684 397293
748 398041
716 398757
740 399497
732 400229
726 400955
697 401652
667 402319
617 402936
689 403625
622 404247
759 405006
673 405679
735 406414
745 407159
735 407894
746 408640
691 409331
718 410049
740 410789
621 411410
621 412031
626 412657
624 413281
619 413900
596 414496
626 415122
573 415695
480 416175
528 416703
450 417153
663 417816
684 418500
631 419131
650 419781
649 420430
720 421150
702 421852
708 422560
722 423282
752 424034
716 424750
731 425481
693 426174
744 426918
681 427599
720 428319
694 429013
688 429701
736 430437
720 431157
759 431916
698 432614
716 433330
732 434062
691 434753
718 435471
770 436241
690 436931
764 437695
703 438398
730 439128
713 439841
742 440583
674 441257
651 441908
645 442553
734 443287
735 444022
710 444732
727 445459
736 446195
732 446927
703 447630
730 448360
750 449110
739 449849
728 450577
735 451312
733 452045
691 452736
688 453424
659 454083
680 454763
710 455473
735 456208
732 456940
729 457669
760 458429
746 459175
737 459912
757 460669
705 461374
753 462127
721 462848
735 463583
718 464301
674 464975
692 465667
694 466361
746 467107
720 467827
744 468571
707 469278
756 470034
714 470748
748 471496
732 472228
697 472925
690 473615
655 474270
749 475019
741 475760
717 476477
698 477175
637 477812
606 478418
592 479010
605 479615
621 480236
582 480818
568 481386
517 481903
601 482504
593 483097
610 483707
600 484307
669 484976
607 485583
658 486241
603 486844
650 487494
610 488104
654 488758
631 489389
631 490020
660 490680
612 491292
692 491984
649 492633
708 493341
765 494106
696 494802
701 495503
670 496173
627 496800
695 497495
691 498186
709 498895
706 499601
736 500337
708 501045
656 501701
745 502446
727 503173
712 503885
712 504597
656 505253
706 505959
667 506626
636 507262
591 507853
672 508525
603 509128
683 509811
577 510388
657 511045
623 511668
753 512421
729 513150
744 513894
673 514567
634 515201
664 515865
750 516615
659 517274
699 517973
530 518503
658 519161
579 519740
661 520401
611 521012
629 521641
612 522253
561 522814
665 523479
611 524090
680 524770
698 525468
750 526218
666 526884
751 527635
695 528330
714 529044
639 529683
604 530287
533 530820
595 531415
574 531989
580 532569
574 533143
623 533766
591 534357
602 534959
594 535553
616 536169
549 536718
484 537202
427 537629
574 538203
529 538732
513 539245
582 539827
622 540449
660 541109
634 541743
694 542437
568 543005
642 543647
664 544311
705 545016
630 545646
598 546244
611 546855
619 547474
590 548064
638 548702
550 549252
543 549795
512 550307
588 550895
579 551474
641 552115
630 552745
609 553354
614 553968
650 554618
617 555235
626 555861
650 556511
601 557112
647 557759
632 558391
621 559012
659 559671
639 560310
642 560952
656 561608
724 562332
747 563079
747 563826
712 564538
723 565261
751 566012
733 566745
755 567500
740 568240
762 569002
752 569754
702 570456
655 571111
748 571859
721 572580
654 573234
538 573772
568 574340
620 574960
611 575571
649 576220
600 576820
599 577419
712 578131
728 578859
728 579587
730 580317
742 581059
700 581759
689 582448
724 583172
723 583895
745 584640
736 585376
756 586132
735 586867
758 587625
692 588317
786 589103
742 589845
736 590581
755 591336
747 592083
738 592821
708 593529
734 594263
728 594991
742 595733
700 596433
744 597177
726 597903
747 598650
714 599364
756 600120
741 600861
723 601584
755 602339
732 603071
749 603820
723 604543
741 605284
728 606012
734 606746
740 607486
729 608215
748 608963
732 609695
761 610456
731 611187
760 611947
730 612677
749 613426
731 614157
741 614898
725 615623
757 616380
749 617129
703 617832
740 618572
727 619299
723 620022
742 620764
735 621499
753 622252
717 622969
736 623705
741 624446
720 625166
736 625902
711 626613
730 627343
739 628082
754 628836
700 629536
744 630280
747 631027
724 631751
734 632485
729 633214
736 633950
724 634674
723 635397
728 636125
728 636853
752 637605
734 638339
746 639085
716 639801
752 640553
739 641292
734 642026
726 642752
745 643497
733 644230
733 644963
719 645682
757 646439
755 647194
738 647932
732 648664
736 649400
732 650132
749 650881
758 651639
736 652375
744 653119
732 653851
738 654589
742 655331
725 656056
758 656814
739 657553
735 658288
739 659027
718 659745
757 660502
691 661193
752 661945
727 662672
706 663378
758 664136
728 664864
726 665590
735 666325
719 667044
724 667768
733 668501
732 669233
747 669980
709 670689
729 671418
742 672160
733 672893
739 673632
753 674385
698 675083
769 675852
713 676565
747 677312
725 678037
724 678761
749 679510
716 680226
749 680975
716 681691
774 682465
703 683168
747 683915
714 684629
770 685399
734 686133
722 686855
753 687608
715 688323
711 689034
764 689798
698 690496
744 691240
716 691956
738 692694
710 693404
753 694157
724 694881
755 695636
691 696327
750 697077
742 697819
764 698583
711 699294
751 700045
712 700757
741 701498
712 702210
765 702975
713 703688
749 704437
742 705179
748 705927
751 706678
749 707427
769 708196
699 708895
765 709660
726 710386
748 711134
726 711860
745 712605
721 713326
723 714049
735 714784
744 715528
703 716231
761 716992
721 717713
708 718421
748 719169
726 719895
751 720646
716 721362
720 722082
741 722823
722 723545
735 724280
729 725009
736 725745
741 726486
677 727163
734 727897
706 728603
750 729353
706 730059
722 730781
725 731506
740 732246
750 732996
727 733723
745 734468
724 735192
741 735933
730 736663
749 737412
719 738131
730 738861
744 739605
736 740341
728 741069
756 741825
707 742532
738 743270
721 743991
723 744714
746 745460
712 746172
755 746927
738 747665
742 748407
738 749145
734 749879
738 750617
737 751354
747 752101
729 752830
749 753579
736 754315
716 755031
765 755796
698 756494
744 757238
743 757981
741 758722
718 759440
735 760175
730 760905
737 761642
686 762328
725 763053
736 763789
721 764510
751 765261
714 765975
714 766689
735 767424
704 768128
759 768887
733 769620
742 770362
730 771092
734 771826
750 772576
732 773308
732 774040
744 774784
733 775517
745 776262
730 776992
744 777736
721 778457
749 779206
735 779941
735 780676
726 781402
727 782129
735 782864
746 783610
717 784327
746 785073
725 785798
747 786545
729 787274
743 788017
729 788746
698 789444
748 790192
733 790925
748 791673
740 792413
737 793150
744 793894
732 794626
749 795375
725 796100
757 796857
720 797577
756 798333
720 799053
730 799783
716 800499
747 801246
721 801967
743 802710
737 803447
752 804199
710 804909
728 805637
732 806369
748 807117
717 807834
751 808585
748 809333
729 810062
761 810823
691 811514
752 812266
752 813018
657 813675
