747 747
850 1597
857 2454
852 3306
847 4153
857 5010
861 5871
878 6749
854 7603
861 8464
877 9341
871 10212
878 11090
870 11960
872 12832
880 13712
867 14579
874 15453
874 16327
869 17196
869 18065
873 18938
872 19810
873 20683
870 21553
872 22425
869 23294
872 24166
876 25042
870 25912
873 26785
867 27652
870 28522
875 29397
871 30268
871 31139
851 31990
849 32839
859 33698
844 34542
859 35401
849 36250
849 37099
857 37956
852 38808
845 39653
851 40504
858 41362
851 42213
848 43061
851 43912
853 44765
856 45621
857 46478
842 47320
851 48171
844 49015
850 49865
857 50722
853 51575
852 52427
854 53281
855 54136
859 54995
851 55846
847 56693
857 57550
852 58402
853 59255
873 60128
870 60998
872 61870
875 62745
869 63614
869 64483
870 65353
867 66220
852 67072
876 67948
869 68817
865 69682
861 70543
871 71414
864 72278
862 73140
864 74004
866 74870
871 75741
867 76608
874 77482
864 78346
867 79213
872 80085
873 80958
870 81828
867 82695
865 83560
873 84433
871 85304
876 86180
875 87055
868 87923
871 88794
859 89653
871 90524
871 91395
868 92263
863 93126
866 93992
865 94857
866 95723
877 96600
862 97462
867 98329
867 99196
864 100060
868 100928
871 101799
864 102663
865 103528
869 104397
859 105256
866 106122
837 106959
848 107807
833 108640
840 109480
837 110317
841 111158
841 111999
846 112845
843 113688
852 114540
843 115383
849 116232
848 117080
848 117928
836 118764
842 119606
843 120449
845 121294
848 122142
850 122992
837 123829
844 124673
845 125518
848 126366
848 127214
859 128073
864 128937
855 129792
865 130657
862 131519
867 132386
862 133248
871 134119
855 134974
866 135840
866 136706
858 137564
863 138427
856 139283
863 140146
863 141009
865 141874
863 142737
857 143594
845 144439
843 145282
838 146120
815 146935
813 147748
829 148577
832 149409
838 150247
838 151085
835 151920
822 152742
832 153574
840 154414
837 155251
835 156086
842 156928
834 157762
831 158593
832 159425
832 160257
838 161095
852 161947
854 162801
861 163662
848 164510
842 165352
832 166184
833 167017
853 167870
858 168728
853 169581
857 170438
851 171289
856 172145
856 173001
856 173857
859 174716
860 175576
852 176428
860 177288
861 178149
864 179013
850 179863
852 180715
858 181573
854 182427
868 183295
852 184147
851 184998
855 185853
859 186712
860 187572
849 188421
858 189279
850 190129
862 190991
858 191849
861 192710
858 193568
852 194420
854 195274
855 196129
853 196982
860 197842
866 198708
862 199570
862 200432
858 201290
867 202157
826 202983
837 203820
828 204648
836 205484
827 206311
829 207140
823 207963
832 208795
835 209630
834 210464
829 211293
836 212129
832 212961
830 213791
812 214603
832 215435
836 216271
839 217110
830 217940
834 218774
825 219599
832 220431
839 221270
845 222115
844 222959
837 223796
823 224619
833 225452
834 226286
837 227123
829 227952
839 228791
830 229621
847 230468
843 231311
855 232166
849 233015
858 233873
862 234735
856 235591
857 236448
854 237302
852 238154
865 239019
855 239874
862 240736
856 241592
850 242442
853 243295
861 244156
852 245008
856 245864
851 246715
861 247576
854 248430
860 249290
847 250137
856 250993
854 251847
854 252701
853 253554
848 254402
863 255265
858 256123
850 256973
828 257801
837 258638
838 259476
834 260310
831 261141
835 261976
833 262809
839 263648
840 264488
838 265326
831 266157
828 266985
833 267818
832 268650
825 269475
832 270307
831 271138
829 271967
824 272791
827 273618
834 274452
823 275275
831 276106
836 276942
832 277774
837 278611
825 279436
847 280283
863 281146
857 282003
857 282860
856 283716
825 284541
820 285361
829 286190
824 287014
831 287845
833 288678
837 289515
853 290368
846 291214
861 292075
862 292937
862 293799
862 294661
862 295523
856 296379
859 297238
861 298099
859 298958
852 299810
859 300669
860 301529
858 302387
856 303243
851 304094
853 304947
851 305798
855 306653
842 307495
853 308348
857 309205
860 310065
859 310924
861 311785
858 312643
866 313509
861 314370
864 315234
862 316096
864 316960
856 317816
843 318659
852 319511
852 320363
862 321225
851 322076
862 322938
851 323789
859 324648
840 325488
834 326322
836 327158
830 327988
834 328822
828 329650
836 330486
832 331318
833 332151
833 332984
830 333814
837 334651
836 335487
831 336318
839 337157
832 337989
831 338820
822 339642
836 340478
834 341312
832 342144
832 342976
837 343813
831 344644
835 345479
845 346324
854 347178
852 348030
849 348879
856 349735
853 350588
852 351440
848 352288
859 353147
855 354002
849 354851
856 355707
852 356559
852 357411
853 358264
860 359124
857 359981
854 360835
858 361693
853 362546
856 363402
865 364267
837 365104
820 365924
823 366747
830 367577
831 368408
838 369246
834 370080
857 370937
848 371785
838 372623
851 373474
847 374321
864 375185
857 376042
858 376900
869 377769
863 378632
861 379493
864 380357
852 381209
861 382070
866 382936
856 383792
863 384655
859 385514
859 386373
863 387236
861 388097
859 388956
864 389820
863 390683
859 391542
864 392406
859 393265
860 394125
857 394982
864 395846
863 396709
856 397565
862 398427
862 399289
853 400142
855 400997
859 401856
862 402718
861 403579
869 404448
854 405302
854 406156
862 407018
854 407872
862 408734
859 409593
851 410444
858 411302
856 412158
856 413014
860 413874
863 414737
859 415596
870 416466
860 417326
862 418188
863 419051
857 419908
858 420766
856 421622
860 422482
852 423334
847 424181
849 425030
845 425875
793 426668
794 427462
796 428258
854 429112
866 429978
867 430845
855 431700
858 432558
865 433423
855 434278
857 435135
852 435987
870 436857
863 437720
869 438589
863 439452
857 440309
863 441172
863 442035
869 442904
861 443765
850 444615
864 445479
865 446344
856 447200
862 448062
866 448928
864 449792
871 450663
854 451517
845 452362
859 453221
860 454081
850 454931
838 455769
842 456611
869 457480
873 458353
864 459217
857 460074
835 460909
850 461759
852 462611
839 463450
848 464298
840 465138
855 465993
840 466833
844 467677
856 468533
866 469399
869 470268
869 471137
873 472010
870 472880
866 473746
866 474612
866 475478
873 476351
867 477218
852 478070
864 478934
860 479794
867 480661
872 481533
865 482398
861 483259
865 484124
856 484980
846 485826
834 486660
854 487514
866 488380
853 489233
864 490097
859 490956
869 491825
867 492692
870 493562
850 494412
875 495287
862 496149
851 497000
855 497855
857 498712
852 499564
836 500400
841 501241
848 502089
857 502946
861 503807
853 504660
870 505530
865 506395
868 507263
865 508128
849 508977
865 509842
839 510681
830 511511
827 512338
841 513179
842 514021
827 514848
834 515682
840 516522
804 517326
808 518134
794 518928
814 519742
861 520603
847 521450
839 522289
845 523134
863 523997
853 524850
857 525707
855 526562
854 527416
870 528286
859 529145
858 530003
860 530863
852 531715
856 532571
861 533432
853 534285
854 535139
865 536004
867 536871
860 537731
868 538599
855 539454
861 540315
862 541177
868 542045
868 542913
861 543774
860 544634
857 545491
854 546345
855 547200
857 548057
842 548899
838 549737
851 550588
845 551433
864 552297
853 553150
868 554018
862 554880
863 555743
868 556611
861 557472
863 558335
870 559205
869 560074
861 560935
864 561799
850 562649
849 563498
848 564346
857 565203
864 566067
865 566932
864 567796
864 568660
862 569522
869 570391
869 571260
865 572125
862 572987
868 573855
867 574722
865 575587
849 576436
853 577289
861 578150
859 579009
867 579876
866 580742
863 581605
860 582465
868 583333
867 584200
874 585074
857 585931
850 586781
840 587621
859 588480
869 589349
855 590204
859 591063
833 591896
834 592730
826 593556
825 594381
841 595222
837 596059
821 596880
809 597689
821 598510
832 599342
826 600168
839 601007
839 601846
847 602693
834 603527
833 604360
841 605201
843 606044
838 606882
846 607728
838 608566
842 609408
846 610254
842 611096
854 611950
855 612805
865 613670
862 614532
849 615381
854 616235
839 617074
847 617921
845 618766
856 619622
863 620485
861 621346
853 622199
849 623048
857 623905
866 624771
854 625625
867 626492
853 627345
842 628187
860 629047
828 629875
833 630708
839 631547
828 632375
839 633214
826 634040
834 634874
844 635718
857 636575
867 637442
868 638310
863 639173
847 640020
835 640855
845 641700
858 642558
848 643406
832 644238
810 645048
836 645884
822 646706
836 647542
837 648379
842 649221
833 650054
822 650876
844 651720
839 652559
862 653421
850 654271
854 655125
859 655984
865 656849
857 657706
854 658560
841 659401
821 660222
809 661031
819 661850
826 662676
818 663494
833 664327
832 665159
829 665988
824 666812
837 667649
830 668479
812 669291
806 670097
802 670899
814 671713
806 672519
803 673322
833 674155
848 675003
849 675852
842 676694
846 677540
830 678370
846 679216
848 680064
855 680919
830 681749
831 682580
838 683418
835 684253
821 685074
841 685915
825 686740
806 687546
813 688359
824 689183
834 690017
843 690860
833 691693
834 692527
836 693363
844 694207
837 695044
833 695877
836 696713
837 697550
842 698392
837 699229
835 700064
842 700906
842 701748
839 702587
854 703441
861 704302
870 705172
866 706038
862 706900
853 707753
863 708616
874 709490
866 710356
873 711229
869 712098
869 712967
846 713813
865 714678
855 715533
857 716390
825 717215
801 718016
823 718839
839 719678
831 720509
851 721360
820 722180
847 723027
853 723880
873 724753
864 725617
869 726486
859 727345
866 728211
856 729067
863 729930
861 730791
868 731659
869 732528
868 733396
869 734265
859 735124
866 735990
862 736852
867 737719
864 738583
872 739455
864 740319
860 741179
862 742041
866 742907
870 743777
869 744646
865 745511
866 746377
866 747243
864 748107
864 748971
867 749838
864 750702
868 751570
861 752431
870 753301
867 754168
867 755035
866 755901
864 756765
858 757623
869 758492
866 759358
865 760223
872 761095
870 761965
870 762835
869 763704
866 764570
871 765441
865 766306
867 767173
868 768041
868 768909
869 769778
866 770644
865 771509
864 772373
866 773239
870 774109
868 774977
860 775837
858 776695
873 777568
860 778428
867 779295
863 780158
863 781021
862 781883
870 782753
853 783606
858 784464
864 785328
865 786193
870 787063
868 787931
866 788797
858 789655
868 790523
865 791388
866 792254
863 793117
870 793987
871 794858
864 795722
861 796583
869 797452
856 798308
870 799178
869 800047
865 800912
863 801775
866 802641
870 803511
870 804381
871 805252
869 806121
868 806989
866 807855
863 808718
864 809582
869 810451
871 811322
868 812190
873 813063
871 813934
868 814802
864 815666
868 816534
861 817395
861 818256
864 819120
865 819985
870 820855
866 821721
863 822584
868 823452
862 824314
860 825174
870 826044
870 826914
867 827781
860 828641
857 829498
858 830356
863 831219
866 832085
859 832944
869 833813
872 834685
866 835551
862 836413
872 837285
857 838142
867 839009
871 839880
862 840742
859 841601
866 842467
869 843336
869 844205
867 845072
864 845936
866 846802
865 847667
865 848532
870 849402
862 850264
866 851130
865 851995
868 852863
863 853726
863 854589
870 855459
870 856329
868 857197
867 858064
875 858939
861 859800
869 860669
865 861534
857 862391
860 863251
861 864112
868 864980
866 865846
858 866704
871 867575
855 868430
863 869293
866 870159
868 871027
869 871896
867 872763
864 873627
867 874494
871 875365
871 876236
872 877108
863 877971
868 878839
864 879703
870 880573
861 881434
866 882300
867 883167
864 884031
860 884891
865 885756
867 886623
870 887493
868 888361
871 889232
861 890093
863 890956
863 891819
863 892682
867 893549
867 894416
864 895280
866 896146
870 897016
863 897879
867 898746
862 899608
862 900470
867 901337
865 902202
864 903066
864 903930
862 904792
861 905653
872 906525
869 907394
857 908251
863 909114
862 909976
861 910837
867 911704
867 912571
863 913434
863 914297
850 915147
866 916013
872 916885
862 917747
871 918618
860 919478
867 920345
872 921217
864 922081
867 922948
868 923816
863 924679
857 925536
868 926404
870 927274
871 928145
866 929011
864 929875
875 930750
870 931620
868 932488
870 933358
864 934222
863 935085
868 935953
866 936819
861 937680
865 938545
850 939395
858 940253
864 941117
871 941988
863 942851
867 943718
864 944582
866 945448
863 946311
859 947170
861 948031
871 948902
871 949773
863 950636
865 951501
862 952363
867 953230
862 954092
862 954954
871 955825
857 956682
863 957545
861 958406
867 959273
864 960137
866 961003
868 961871
861 962732
865 963597
868 964465
867 965332
865 966197
863 967060
860 967920
867 968787
871 969658
874 970532
866 971398
868 972266
864 973130
862 973992
861 974853
867 975720
868 976588
862 977450
860 978310
866 979176
870 980046
869 980915
866 981781
869 982650
867 983517
866 984383
864 985247
865 986112
868 986980
863 987843
873 988716
870 989586
864 990450
871 991321
857 992178
869 993047
866 993913
864 994777
871 995648
868 996516
866 997382
868 998250
860 999110
860 999970
