75 75
606 681
586 1267
584 1851
575 2426
612 3038
628 3666
682 4348
699 5047
709 5756
688 6444
714 7158
702 7860
693 8553
635 9188
618 9806
642 10448
607 11055
651 11706
605 12311
643 12954
626 13580
639 14219
631 14850
609 15459
640 16099
615 16714
634 17348
584 17932
584 18516
621 19137
612 19749
626 20375
635 21010
630 21640
637 22277
597 22874
653 23527
591 24118
653 24771
678 25449
700 26149
694 26843
674 27517
585 28102
626 28728
590 29318
643 29961
575 30536
595 31131
555 31686
601 32287
591 32878
595 33473
594 34067
626 34693
619 35312
595 35907
628 36535
570 37105
642 37747
644 38391
612 39003
619 39622
598 40220
594 40814
672 41486
688 42174
715 42889
661 43550
712 44262
649 44911
699 45610
686 46296
663 46959
654 47613
710 48323
670 48993
702 49695
670 50365
613 50978
625 51603
655 52258
719 52977
666 53643
732 54375
688 55063
706 55769
657 56426
723 57149
660 57809
702 58511
667 59178
684 59862
674 60536
661 61197
699 61896
688 62584
711 63295
667 63962
664 64626
708 65334
634 65968
678 66646
688 67334
658 67992
685 68677
685 69362
620 69982
615 70597
640 71237
674 71911
661 72572
652 73224
593 73817
659 74476
680 75156
652 75808
683 76491
651 77142
664 77806
701 78507
649 79156
698 79854
666 80520
663 81183
645 81828
648 82476
685 83161
640 83801
682 84483
676 85159
692 85851
640 86491
648 87139
578 87717
546 88263
553 88816
576 89392
573 89965
534 90499
609 91108
661 91769
689 92458
664 93122
659 93781
660 94441
673 95114
687 95801
683 96484
681 97165
684 97849
683 98532
551 99083
530 99613
623 100236
656 100892
682 101574
717 102291
688 102979
702 103681
685 104366
692 105058
579 105637
548 106185
539 106724
534 107258
618 107876
606 108482
639 109121
693 109814
716 110530
672 111202
660 111862
655 112517
677 113194
645 113839
687 114526
676 115202
709 115911
679 116590
726 117316
676 117992
692 118684
635 119319
722 120041
669 120710
730 121440
690 122130
735 122865
690 123555
614 124169
634 124803
676 125479
660 126139
701 126840
651 127491
664 128155
652 128807
660 129467
660 130127
670 130797
673 131470
684 132154
679 132833
705 133538
626 134164
709 134873
671 135544
659 136203
691 136894
678 137572
665 138237
670 138907
659 139566
647 140213
672 140885
647 141532
665 142197
666 142863
648 143511
708 144219
638 144857
712 145569
667 146236
669 146905
676 147581
673 148254
689 148943
582 149525
563 150088
561 150649
519 151168
564 151732
563 152295
579 152874
658 153532
666 154198
657 154855
694 155549
633 156182
701 156883
654 157537
671 158208
662 158870
665 159535
681 160216
656 160872
690 161562
652 162214
678 162892
676 163568
642 164210
704 164914
631 165545
683 166228
640 166868
677 167545
647 168192
525 168717
563 169280
619 169899
648 170547
631 171178
623 171801
627 172428
702 173130
637 173767
655 174422
605 175027
639 175666
634 176300
652 176952
662 177614
651 178265
650 178915
648 179563
623 180186
671 180857
647 181504
641 182145
610 182755
688 183443
617 184060
641 184701
660 185361
673 186034
648 186682
680 187362
624 187986
615 188601
640 189241
637 189878
633 190511
669 191180
640 191820
611 192431
666 193097
627 193724
639 194363
671 195034
605 195639
606 196245
639 196884
640 197524
637 198161
645 198806
627 199433
676 200109
682 200791
656 201447
677 202124
679 202803
600 203403
607 204010
630 204640
627 205267
633 205900
660 206560
622 207182
644 207826
664 208490
670 209160
674 209834
635 210469
651 211120
687 211807
681 212488
646 213134
642 213776
672 214448
665 215113
685 215798
637 216435
669 217104
534 217638
590 218228
652 218880
635 219515
659 220174
690 220864
624 221488
686 222174
638 222812
666 223478
640 224118
673 224791
674 225465
665 226130
676 226806
684 227490
654 228144
647 228791
707 229498
554 230052
652 230704
638 231342
665 232007
683 232690
655 233345
687 234032
682 234714
660 235374
681 236055
680 236735
675 237410
667 238077
683 238760
630 239390
665 240055
579 240634
632 241266
614 241880
660 242540
664 243204
666 243870
645 244515
659 245174
661 245835
683 246518
694 247212
625 247837
685 248522
663 249185
667 249852
683 250535
631 251166
652 251818
697 252515
639 253154
698 253852
637 254489
694 255183
574 255757
713 256470
624 257094
705 257799
649 258448
694 259142
640 259782
678 260460
611 261071
686 261757
651 262408
691 263099
644 263743
668 264411
634 265045
685 265730
628 266358
651 267009
671 267680
691 268371
659 269030
646 269676
588 270264
530 270794
566 271360
569 271929
546 272475
554 273029
566 273595
552 274147
567 274714
531 275245
541 275786
558 276344
529 276873
571 277444
557 278001
564 278565
688 279253
631 279884
685 280569
660 281229
668 281897
591 282488
536 283024
528 283552
646 284198
668 284866
604 285470
542 286012
569 286581
673 287254
663 287917
656 288573
631 289204
670 289874
642 290516
653 291169
654 291823
647 292470
691 293161
662 293823
691 294514
647 295161
703 295864
632 296496
691 297187
682 297869
650 298519
704 299223
650 299873
689 300562
632 301194
703 301897
643 302540
674 303214
621 303835
686 304521
666 305187
675 305862
684 306546
666 307212
647 307859
711 308570
626 309196
684 309880
631 310511
656 311167
652 311819
670 312489
685 313174
670 313844
671 314515
681 315196
658 315854
666 316520
639 317159
669 317828
669 318497
694 319191
646 319837
515 320352
545 320897
638 321535
653 322188
654 322842
537 323379
524 323903
531 324434
549 324983
528 325511
569 326080
539 326619
559 327178
573 327751
566 328317
531 328848
532 329380
553 329933
443 330376
412 330788
543 331331
583 331914
593 332507
595 333102
579 333681
538 334219
494 334713
542 335255
520 335775
550 336325
616 336941
675 337616
648 338264
678 338942
604 339546
672 340218
671 340889
694 341583
695 342278
697 342975
661 343636
693 344329
597 344926
658 345584
563 346147
601 346748
615 347363
620 347983
654 348637
716 349353
648 350001
722 350723
677 351400
713 352113
636 352749
685 353434
665 354099
534 354633
517 355150
547 355697
570 356267
560 356827
586 357413
585 357998
591 358589
568 359157
572 359729
580 360309
587 360896
590 361486
562 362048
577 362625
589 363214
592 363806
584 364390
627 365017
609 365626
594 366220
587 366807
591 367398
579 367977
583 368560
584 369144
589 369733
549 370282
629 370911
564 371475
595 372070
621 372691
575 373266
617 373883
665 374548
680 375228
720 375948
644 376592
656 377248
557 377805
604 378409
558 378967
541 379508
534 380042
556 380598
557 381155
584 381739
554 382293
615 382908
583 383491
556 384047
613 384660
601 385261
578 385839
555 386394
607 387001
581 387582
618 388200
574 388774
708 389482
668 390150
687 390837
650 391487
658 392145
600 392745
571 393316
656 393972
634 394606
653 395259
571 395830
554 396384
602 396986
610 397596
612 398208
569 398777
684 399461
644 400105
636 400741
616 401357
636 401993
613 402606
620 403226
525 403751
529 404280
522 404802
558 405360
564 405924
562 406486
553 407039
569 407608
561 408169
582 408751
528 409279
527 409806
583 410389
709 411098
705 411803
667 412470
659 413129
719 413848
664 414512
711 415223
691 415914
702 416616
701 417317
668 417985
672 418657
692 419349
686 420035
678 420713
660 421373
696 422069
682 422751
693 423444
641 424085
689 424774
684 425458
706 426164
698 426862
704 427566
681 428247
689 428936
673 429609
669 430278
697 430975
682 431657
705 432362
700 433062
677 433739
703 434442
639 435081
638 435719
651 436370
690 437060
705 437765
651 438416
698 439114
663 439777
702 440479
678 441157
699 441856
634 442490
702 443192
574 443766
592 444358
648 445006
619 445625
600 446225
584 446809
542 447351
665 448016
622 448638
628 449266
657 449923
602 450525
638 451163
639 451802
695 452497
686 453183
571 453754
597 454351
594 454945
545 455490
602 456092
547 456639
554 457193
586 457779
633 458412
677 459089
705 459794
685 460479
701 461180
684 461864
681 462545
685 463230
669 463899
673 464572
720 465292
632 465924
559 466483
700 467183
637 467820
680 468500
690 469190
671 469861
590 470451
653 471104
613 471717
705 472422
688 473110
660 473770
660 474430
704 475134
679 475813
729 476542
595 477137
698 477835
654 478489
747 479236
682 479918
717 480635
714 481349
697 482046
623 482669
701 483370
709 484079
714 484793
675 485468
715 486183
667 486850
714 487564
683 488247
707 488954
695 489649
679 490328
719 491047
676 491723
613 492336
653 492989
672 493661
687 494348
671 495019
663 495682
700 496382
668 497050
670 497720
682 498402
644 499046
669 499715
687 500402
657 501059
676 501735
679 502414
693 503107
638 503745
654 504399
681 505080
671 505751
717 506468
692 507160
674 507834
671 508505
690 509195
650 509845
680 510525
610 511135
703 511838
539 512377
600 512977
578 513555
563 514118
541 514659
572 515231
592 515823
600 516423
548 516971
519 517490
533 518023
504 518527
557 519084
649 519733
711 520444
667 521111
712 521823
682 522505
624 523129
579 523708
566 524274
542 524816
604 525420
568 525988
568 526556
592 527148
473 527621
480 528101
457 528558
427 528985
436 529421
528 529949
666 530615
633 531248
527 531775
569 532344
503 532847
520 533367
578 533945
545 534490
508 534998
446 535444
557 536001
648 536649
632 537281
629 537910
675 538585
622 539207
582 539789
495 540284
570 540854
604 541458
591 542049
583 542632
583 543215
623 543838
580 544418
624 545042
583 545625
520 546145
538 546683
495 547178
491 547669
572 548241
559 548800
697 549497
709 550206
669 550875
657 551532
540 552072
558 552630
652 553282
632 553914
664 554578
696 555274
633 555907
699 556606
668 557274
653 557927
651 558578
584 559162
703 559865
613 560478
583 561061
574 561635
695 562330
599 562929
701 563630
672 564302
674 564976
649 565625
710 566335
645 566980
651 567631
685 568316
650 568966
677 569643
692 570335
703 571038
610 571648
615 572263
681 572944
708 573652
695 574347
722 575069
687 575756
720 576476
620 577096
571 577667
555 578222
581 578803
609 579412
586 579998
596 580594
604 581198
583 581781
554 582335
564 582899
588 583487
557 584044
615 584659
630 585289
715 586004
702 586706
693 587399
685 588084
644 588728
682 589410
613 590023
668 590691
501 591192
670 591862
620 592482
552 593034
574 593608
601 594209
578 594787
603 595390
573 595963
603 596566
590 597156
587 597743
593 598336
591 598927
589 599516
577 600093
579 600672
541 601213
587 601800
568 602368
607 602975
575 603550
580 604130
563 604693
600 605293
569 605862
597 606459
622 607081
610 607691
601 608292
597 608889
531 609420
568 609988
596 610584
589 611173
602 611775
546 612321
606 612927
608 613535
592 614127
605 614732
621 615353
673 616026
701 616727
702 617429
694 618123
709 618832
651 619483
696 620179
688 620867
670 621537
704 622241
698 622939
681 623620
702 624322
677 624999
679 625678
707 626385
710 627095
704 627799
671 628470
681 629151
696 629847
667 630514
711 631225
685 631910
679 632589
731 633320
681 634001
698 634699
683 635382
678 636060
701 636761
675 637436
650 638086
718 638804
698 639502
658 640160
648 640808
679 641487
659 642146
631 642777
675 643452
675 644127
660 644787
670 645457
661 646118
700 646818
643 647461
682 648143
681 648824
695 649519
671 650190
728 650918
655 651573
708 652281
655 652936
714 653650
694 654344
672 655016
705 655721
693 656414
664 657078
728 657806
648 658454
681 659135
670 659805
688 660493
720 661213
683 661896
699 662595
681 663276
603 663879
564 664443
631 665074
578 665652
619 666271
586 666857
585 667442
610 668052
575 668627
671 669298
692 669990
689 670679
725 671404
663 672067
580 672647
676 673323
659 673982
632 674614
584 675198
651 675849
694 676543
717 677260
692 677952
689 678641
716 679357
678 680035
713 680748
646 681394
698 682092
679 682771
712 683483
698 684181
689 684870
692 685562
722 686284
677 686961
673 687634
705 688339
647 688986
682 689668
674 690342
706 691048
669 691717
686 692403
690 693093
713 693806
676 694482
757 695239
646 695885
635 696520
696 697216
587 697803
683 698486
569 699055
609 699664
658 700322
648 700970
683 701653
636 702289
600 702889
560 703449
671 704120
653 704773
644 705417
691 706108
685 706793
719 707512
659 708171
722 708893
676 709569
730 710299
675 710974
678 711652
688 712340
613 712953
629 713582
680 714262
672 714934
628 715562
621 716183
610 716793
651 717444
650 718094
700 718794
703 719497
713 720210
673 720883
666 721549
667 722216
581 722797
549 723346
628 723974
640 724614
679 725293
623 725916
611 726527
630 727157
705 727862
684 728546
728 729274
633 729907
690 730597
648 731245
498 731743
570 732313
621 732934
647 733581
648 734229
696 734925
710 735635
691 736326
713 737039
667 737706
624 738330
662 738992
599 739591
540 740131
551 740682
586 741268
595 741863
555 742418
565 742983
607 743590
555 744145
597 744742
576 745318
567 745885
549 746434
570 747004
540 747544
681 748225
640 748865
700 749565
664 750229
702 750931
681 751612
696 752308
672 752980
653 753633
681 754314
664 754978
717 755695
552 756247
597 756844
593 757437
598 758035
528 758563
912 759475
