709 709
869 1578
866 2444
862 3306
846 4152
836 4988
853 5841
868 6709
864 7573
868 8441
864 9305
870 10175
864 11039
853 11892
842 12734
846 13580
838 14418
842 15260
845 16105
842 16947
838 17785
839 18624
845 19469
843 20312
848 21160
848 22008
839 22847
840 23687
846 24533
839 25372
842 26214
844 27058
849 27907
850 28757
850 29607
838 30445
837 31282
838 32120
842 32962
852 33814
869 34683
870 35553
861 36414
844 37258
849 38107
839 38946
845 39791
848 40639
839 41478
829 42307
838 43145
840 43985
837 44822
845 45667
843 46510
847 47357
847 48204
839 49043
828 49871
843 50714
849 51563
839 52402
848 53250
826 54076
832 54908
836 55744
863 56607
866 57473
867 58340
861 59201
866 60067
858 60925
859 61784
864 62648
857 63505
858 64363
860 65223
843 66066
856 66922
845 67767
842 68609
853 69462
861 70323
859 71182
863 72045
859 72904
858 73762
853 74615
861 75476
861 76337
858 77195
854 78049
854 78903
853 79756
858 80614
864 81478
859 82337
854 83191
863 84054
850 84904
854 85758
855 86613
858 87471
863 88334
846 89180
841 90021
862 90883
854 91737
844 92581
853 93434
844 94278
856 95134
857 95991
841 96832
851 97683
851 98534
854 99388
852 100240
851 101091
851 101942
849 102791
854 103645
858 104503
855 105358
854 106212
850 107062
844 107906
857 108763
855 109618
862 110480
852 111332
854 112186
858 113044
827 113871
839 114710
827 115537
814 116351
825 117176
831 118007
830 118837
808 119645
842 120487
848 121335
858 122193
849 123042
853 123895
859 124754
859 125613
855 126468
860 127328
857 128185
858 129043
848 129891
832 130723
841 131564
859 132423
858 133281
859 134140
863 135003
864 135867
860 136727
861 137588
830 138418
824 139242
823 140065
812 140877
837 141714
841 142555
841 143396
855 144251
854 145105
852 145957
847 146804
858 147662
850 148512
852 149364
857 150221
861 151082
864 151946
855 152801
857 153658
852 154510
858 155368
856 156224
863 157087
850 157937
865 158802
861 159663
860 160523
862 161385
848 162233
847 163080
857 163937
848 164785
856 165641
855 166496
845 167341
850 168191
853 169044
842 169886
851 170737
850 171587
855 172442
854 173296
861 174157
850 175007
850 175857
852 176709
857 177566
859 178425
855 179280
853 180133
850 180983
847 181830
852 182682
842 183524
849 184373
841 185214
845 186059
845 186904
848 187752
858 188610
856 189466
860 190326
853 191179
859 192038
851 192889
851 193740
838 194578
825 195403
830 196233
821 197054
820 197874
819 198693
825 199518
846 200364
851 201215
851 202066
849 202915
845 203760
849 204609
851 205460
853 206313
852 207165
847 208012
852 208864
846 209710
850 210560
854 211414
852 212266
845 213111
855 213966
854 214820
845 215665
840 216505
853 217358
849 218207
849 219056
825 219881
827 220708
838 221546
836 222382
846 223228
846 224074
841 224915
844 225759
839 226598
838 227436
840 228276
837 229113
837 229950
838 230788
848 231636
849 232485
838 233323
835 234158
839 234997
844 235841
839 236680
852 237532
837 238369
851 239220
845 240065
857 240922
845 241767
853 242620
850 243470
852 244322
848 245170
825 245995
842 246837
846 247683
841 248524
838 249362
842 250204
847 251051
839 251890
841 252731
850 253581
849 254430
845 255275
850 256125
835 256960
840 257800
844 258644
848 259492
839 260331
842 261173
850 262023
845 262868
855 263723
849 264572
848 265420
838 266258
831 267089
843 267932
848 268780
849 269629
847 270476
834 271310
845 272155
832 272987
846 273833
855 274688
849 275537
856 276393
846 277239
846 278085
840 278925
844 279769
848 280617
849 281466
845 282311
830 283141
834 283975
834 284809
843 285652
843 286495
842 287337
847 288184
846 289030
854 289884
855 290739
850 291589
838 292427
849 293276
848 294124
842 294966
854 295820
850 296670
837 297507
841 298348
847 299195
837 300032
836 300868
853 301721
848 302569
851 303420
842 304262
841 305103
858 305961
853 306814
855 307669
849 308518
849 309367
850 310217
852 311069
848 311917
851 312768
831 313599
832 314431
839 315270
843 316113
856 316969
844 317813
843 318656
840 319496
836 320332
844 321176
853 322029
849 322878
847 323725
854 324579
830 325409
852 326261
842 327103
841 327944
847 328791
846 329637
835 330472
846 331318
851 332169
835 333004
844 333848
851 334699
858 335557
846 336403
848 337251
844 338095
848 338943
839 339782
844 340626
849 341475
845 342320
846 343166
849 344015
835 344850
845 345695
840 346535
843 347378
851 348229
848 349077
849 349926
842 350768
821 351589
810 352399
809 353208
824 354032
822 354854
825 355679
823 356502
825 357327
826 358153
817 358970
821 359791
825 360616
818 361434
823 362257
816 363073
827 363900
846 364746
842 365588
851 366439
852 367291
850 368141
838 368979
825 369804
805 370609
827 371436
848 372284
844 373128
822 373950
825 374775
832 375607
856 376463
849 377312
846 378158
846 379004
838 379842
851 380693
828 381521
852 382373
845 383218
852 384070
847 384917
844 385761
855 386616
857 387473
848 388321
853 389174
853 390027
854 390881
844 391725
853 392578
842 393420
851 394271
840 395111
838 395949
848 396797
839 397636
840 398476
847 399323
850 400173
857 401030
854 401884
853 402737
851 403588
849 404437
844 405281
843 406124
849 406973
853 407826
851 408677
859 409536
854 410390
850 411240
846 412086
850 412936
846 413782
850 414632
852 415484
851 416335
848 417183
824 418007
823 418830
852 419682
842 420524
842 421366
834 422200
803 423003
806 423809
824 424633
821 425454
828 426282
822 427104
823 427927
825 428752
830 429582
819 430401
811 431212
812 432024
803 432827
784 433611
805 434416
816 435232
834 436066
820 436886
826 437712
833 438545
809 439354
820 440174
814 440988
811 441799
830 442629
846 443475
848 444323
850 445173
835 446008
849 446857
852 447709
860 448569
846 449415
860 450275
865 451140
844 451984
839 452823
845 453668
832 454500
836 455336
838 456174
836 457010
846 457856
850 458706
849 459555
862 460417
848 461265
855 462120
848 462968
853 463821
843 464664
821 465485
816 466301
814 467115
828 467943
818 468761
828 469589
828 470417
830 471247
832 472079
826 472905
815 473720
817 474537
829 475366
831 476197
829 477026
822 477848
833 478681
833 479514
826 480340
830 481170
817 481987
827 482814
816 483630
825 484455
823 485278
823 486101
825 486926
819 487745
826 488571
824 489395
822 490217
844 491061
826 491887
827 492714
847 493561
858 494419
861 495280
850 496130
846 496976
827 497803
821 498624
826 499450
819 500269
821 501090
819 501909
828 502737
829 503566
821 504387
834 505221
839 506060
826 506886
830 507716
837 508553
835 509388
825 510213
832 511045
833 511878
838 512716
832 513548
847 514395
858 515253
853 516106
845 516951
845 517796
847 518643
834 519477
837 520314
835 521149
840 521989
844 522833
810 523643
830 524473
845 525318
827 526145
829 526974
847 527821
851 528672
850 529522
843 530365
839 531204
844 532048
835 532883
830 533713
801 534514
822 535336
824 536160
824 536984
827 537811
826 538637
820 539457
830 540287
827 541114
816 541930
813 542743
827 543570
850 544420
851 545271
846 546117
851 546968
853 547821
854 548675
854 549529
857 550386
849 551235
862 552097
852 552949
850 553799
854 554653
858 555511
852 556363
851 557214
853 558067
857 558924
857 559781
847 560628
856 561484
857 562341
863 563204
863 564067
861 564928
851 565779
849 566628
853 567481
850 568331
849 569180
853 570033
857 570890
861 571751
857 572608
851 573459
861 574320
847 575167
844 576011
859 576870
859 577729
850 578579
847 579426
851 580277
853 581130
857 581987
849 582836
852 583688
843 584531
851 585382
825 586207
840 587047
850 587897
841 588738
825 589563
815 590378
843 591221
849 592070
845 592915
843 593758
844 594602
846 595448
844 596292
853 597145
855 598000
839 598839
830 599669
823 600492
808 601300
825 602125
819 602944
817 603761
823 604584
833 605417
850 606267
857 607124
850 607974
856 608830
856 609686
847 610533
856 611389
846 612235
842 613077
858 613935
854 614789
820 615609
858 616467
850 617317
853 618170
856 619026
851 619877
835 620712
844 621556
840 622396
852 623248
857 624105
852 624957
852 625809
859 626668
852 627520
860 628380
845 629225
834 630059
859 630918
858 631776
851 632627
856 633483
856 634339
862 635201
843 636044
855 636899
855 637754
854 638608
851 639459
863 640322
864 641186
863 642049
863 642912
862 643774
852 644626
852 645478
857 646335
847 647182
848 648030
838 648868
856 649724
856 650580
855 651435
850 652285
856 653141
860 654001
853 654854
854 655708
851 656559
846 657405
852 658257
859 659116
852 659968
860 660828
854 661682
846 662528
853 663381
855 664236
856 665092
852 665944
852 666796
858 667654
846 668500
847 669347
850 670197
856 671053
847 671900
851 672751
836 673587
831 674418
831 675249
836 676085
827 676912
827 677739
829 678568
835 679403
825 680228
815 681043
810 681853
813 682666
830 683496
817 684313
855 685168
845 686013
857 686870
857 687727
841 688568
832 689400
819 690219
811 691030
824 691854
819 692673
831 693504
826 694330
816 695146
802 695948
788 696736
786 697522
798 698320
798 699118
831 699949
853 700802
811 701613
812 702425
809 703234
808 704042
826 704868
828 705696
810 706506
809 707315
804 708119
841 708960
836 709796
837 710633
842 711475
835 712310
838 713148
805 713953
821 714774
833 715607
827 716434
826 717260
832 718092
828 718920
836 719756
833 720589
831 721420
817 722237
805 723042
806 723848
802 724650
821 725471
829 726300
850 727150
857 728007
855 728862
848 729710
829 730539
816 731355
848 732203
850 733053
845 733898
845 734743
853 735596
853 736449
850 737299
843 738142
846 738988
836 739824
845 740669
847 741516
833 742349
844 743193
846 744039
846 744885
844 745729
848 746577
838 747415
846 748261
851 749112
846 749958
847 750805
846 751651
841 752492
847 753339
852 754191
854 755045
850 755895
828 756723
843 757566
855 758421
860 759281
862 760143
859 761002
857 761859
853 762712
837 763549
826 764375
833 765208
823 766031
827 766858
830 767688
835 768523
834 769357
828 770185
843 771028
822 771850
820 772670
840 773510
841 774351
851 775202
861 776063
857 776920
852 777772
841 778613
854 779467
849 780316
848 781164
830 781994
839 782833
843 783676
828 784504
813 785317
839 786156
835 786991
834 787825
833 788658
836 789494
842 790336
837 791173
833 792006
835 792841
829 793670
826 794496
829 795325
825 796150
832 796982
825 797807
826 798633
816 799449
818 800267
815 801082
840 801922
832 802754
829 803583
824 804407
830 805237
843 806080
831 806911
832 807743
820 808563
829 809392
829 810221
832 811053
836 811889
826 812715
839 813554
833 814387
837 815224
838 816062
845 816907
862 817769
854 818623
858 819481
851 820332
843 821175
855 822030
855 822885
855 823740
857 824597
852 825449
856 826305
853 827158
855 828013
848 828861
851 829712
855 830567
853 831420
856 832276
849 833125
853 833978
851 834829
855 835684
851 836535
858 837393
859 838252
859 839111
856 839967
859 840826
853 841679
852 842531
844 843375
852 844227
859 845086
854 845940
851 846791
848 847639
853 848492
842 849334
837 850171
850 851021
852 851873
851 852724
854 853578
854 854432
859 855291
857 856148
857 857005
855 857860
859 858719
845 859564
855 860419
848 861267
849 862116
851 862967
853 863820
846 864666
856 865522
855 866377
855 867232
853 868085
857 868942
848 869790
837 870627
860 871487
842 872329
850 873179
861 874040
856 874896
849 875745
833 876578
837 877415
819 878234
835 879069
830 879899
835 880734
835 881569
828 882397
829 883226
841 884067
862 884929
860 885789
858 886647
858 887505
843 888348
850 889198
844 890042
845 890887
840 891727
847 892574
852 893426
858 894284
859 895143
858 896001
859 896860
844 897704
861 898565
849 899414
845 900259
857 901116
858 901974
859 902833
858 903691
861 904552
860 905412
862 906274
848 907122
847 907969
856 908825
853 909678
855 910533
855 911388
857 912245
845 913090
850 913940
852 914792
864 915656
861 916517
849 917366
841 918207
849 919056
832 919888
841 920729
849 921578
833 922411
850 923261
857 924118
846 924964
844 925808
833 926641
835 927476
840 928316
851 929167
848 930015
859 930874
855 931729
862 932591
862 933453
861 934314
860 935174
856 936030
867 936897
850 937747
856 938603
844 939447
840 940287
856 941143
855 941998
847 942845
835 943680
835 944515
842 945357
839 946196
856 947052
858 947910
859 948769
855 949624
843 950467
844 951311
846 952157
828 952985
833 953818
848 954666
840 955506
844 956350
836 957186
848 958034
857 958891
848 959739
858 960597
857 961454
839 962293
850 963143
828 963971
821 964792
845 965637
843 966480
827 967307
857 968164
861 969025
855 969880
864 970744
857 971601
847 972448
848 973296
842 974138
818 974956
811 975767
821 976588
825 977413
819 978232
834 979066
832 979898
831 980729
821 981550
825 982375
815 983190
830 984020
825 984845
825 985670
840 986510
838 987348
855 988203
841 989044
857 989901
867 990768
861 991629
854 992483
846 993329
852 994181
843 995024
855 995879
830 996709
828 997537
821 998358
841 999199
